1.000e+00 1.578e+00
1.100e+00 4.156e-01
1.210e+00 1.095e-01
1.330e+00 2.913e-02
1.460e+00 7.894e-03
1.610e+00 2.007e-03
1.770e+00 5.328e-04
1.950e+00 1.373e-04
2.140e+00 3.740e-05
2.360e+00 9.490e-06
2.590e+00 2.580e-06
2.850e+00 6.770e-07
3.140e+00 1.740e-07
3.450e+00 4.660e-08
3.800e+00 1.210e-08
4.180e+00 3.170e-09
4.590e+00 8.570e-10
5.050e+00 2.250e-10
5.560e+00 5.850e-11
6.120e+00 1.530e-11
6.730e+00 4.040e-12
7.400e+00 1.070e-12
8.140e+00 2.810e-13
8.950e+00 7.460e-14
9.850e+00 1.950e-14
1.083e+01 5.170e-15
1.192e+01 1.350e-15
1.311e+01 3.560e-16
1.442e+01 9.390e-17
1.586e+01 2.480e-17
1.745e+01 6.500e-18
1.919e+01 1.720e-18
2.111e+01 4.520e-19
2.323e+01 1.180e-19
2.555e+01 3.120e-20
2.810e+01 8.260e-21
3.091e+01 2.210e-21
3.400e+01 6.600e-22
3.740e+01 3.110e-22
4.114e+01 2.280e-22
4.526e+01 1.860e-22
4.979e+01 1.540e-22
5.476e+01 1.270e-22
6.024e+01 1.060e-22
6.626e+01 8.770e-23
7.289e+01 7.300e-23
8.018e+01 6.100e-23
8.820e+01 5.130e-23
9.702e+01 4.370e-23
1.067e+02 3.770e-23
1.174e+02 3.320e-23
1.291e+02 3.020e-23
1.420e+02 2.830e-23
1.562e+02 2.750e-23
1.719e+02 2.750e-23
1.891e+02 2.840e-23
2.080e+02 2.980e-23
2.288e+02 3.170e-23
2.516e+02 3.410e-23
2.768e+02 3.690e-23
3.045e+02 4.010e-23
3.349e+02 4.370e-23
3.684e+02 4.770e-23
4.053e+02 5.220e-23
4.458e+02 5.710e-23
4.904e+02 6.260e-23
5.394e+02 6.870e-23
5.934e+02 7.540e-23
6.527e+02 8.270e-23
7.180e+02 9.090e-23
7.898e+02 9.980e-23
8.687e+02 1.100e-22
9.556e+02 1.210e-22
1.051e+03 1.320e-22
1.156e+03 1.460e-22
1.272e+03 1.600e-22
1.399e+03 1.760e-22
1.539e+03 1.940e-22
1.693e+03 2.130e-22
1.862e+03 2.340e-22
2.048e+03 2.570e-22
2.253e+03 2.830e-22
2.479e+03 3.110e-22
2.726e+03 3.430e-22
2.999e+03 3.770e-22
3.299e+03 4.140e-22
3.629e+03 4.560e-22
3.992e+03 5.010e-22
4.391e+03 5.510e-22
4.830e+03 6.070e-22
5.313e+03 6.670e-22
5.844e+03 7.340e-22
6.429e+03 8.070e-22
7.072e+03 8.880e-22
7.779e+03 9.770e-22
8.557e+03 1.070e-21
9.412e+03 1.180e-21
