2.651800000000002419e-02
2.675000000000001335e-02
2.703300000000004311e-02
2.697599999999999304e-02
2.725500000000004655e-02
2.732200000000002335e-02
2.663700000000001830e-02
2.638799999999999826e-02
2.611500000000002708e-02
2.563900000000000207e-02
2.473100000000001339e-02
2.397799999999998544e-02
2.330800000000002314e-02
2.261700000000000169e-02
2.230300000000002072e-02
2.152700000000003916e-02
2.063500000000001791e-02
1.961100000000002078e-02
1.906100000000001543e-02
1.814000000000003110e-02
1.691899999999997573e-02
1.667500000000002661e-02
1.543799999999998819e-02
1.498799999999999265e-02
1.423399999999998451e-02
1.362799999999999255e-02
1.314599999999997888e-02
1.288999999999997960e-02
1.246299999999997757e-02
1.226999999999998751e-02
1.184599999999998848e-02
1.157699999999999181e-02
1.142799999999996943e-02
1.103099999999999047e-02
1.104899999999997551e-02
1.075399999999997885e-02
1.052399999999997435e-02
1.065899999999998099e-02
1.050199999999998357e-02
1.031199999999998264e-02
1.043099999999998195e-02
1.023099999999997796e-02
1.032699999999997162e-02
1.011599999999997744e-02
1.017699999999996732e-02
1.019999999999998165e-02
1.011699999999996977e-02
1.009099999999997499e-02
1.006899999999998074e-02
1.004899999999997809e-02
