0.0233080000000000
0.0226170000000000
0.0223030000000000
0.0215270000000000
0.0206350000000000
0.0196110000000000
0.0190610000000000
0.0181400000000000
0.0169190000000000
0.0166750000000000
0.0154380000000000
0.0149880000000000
0.0142340000000000
0.0136280000000000
0.0131460000000000
0.0128900000000000
0.0124630000000000
0.0122700000000000
0.0118460000000000
0.0115770000000000
0.0114280000000000
0.0110310000000000
0.0110490000000000
0.0107540000000000
0.0105240000000000
0.0106590000000000
0.0105020000000000
0.0103120000000000
0.0104310000000000
0.0102310000000000
0.0103270000000000
0.0101160000000000
0.0101770000000000
0.0102000000000000
0.0101170000000000
0.0100910000000000
0.0100690000000000
0.0100490000000000
